  5068164

     3461     1741      433      418      441     1297
      441      438      443      457      416      435
      439      429      442      428      443      433
      443      429      443      429      441      430
      442      432      443      427      443     1296
      441      442      430      433      441      431
      442      429      441      431      441      434
      442      428      441     1296      441     1296
      440     1310      431      431      439      431
      440     1299      439      435      440      431
      442      431      439      432      439      436
      440      431      439      447      424      433
      439      436      439      433      439      432
      440      432      438      436      440      433
      439      432      438      434      438      437
      438      434      434      437      438      434
      438      437      438      433      438      434
      438      433      439      437      438      433
      439      433      438      433      438      438
      438      430      440     1298      438     1300
      437      438      439      432      438      434
      438      433      438      432      438     9956
     3454     1731      437      433      437     1301
      438      433      438      438      437      434
      437      435      446      426      436      439
      437      434      437      434      438      434
      437      439      438      431      438     1300
      437      435      437      439      437      429
      442      435      436      434      438      439
      436      433      438     1298      437     1300
      437     1304      437      435      436      434
      437     1301      437      438      437      434
      438      434      437      435      437      437
      438      434      437      435      437      434
      437      438      438      434      438      434
      437      434      437      437      438     1300
      437      435      437      432      437     1304
      436     1310      427     1300      438      434
      438      438      436      433      438     1301
      437      434      438      436      437     1309
      428     1300      437      434      438      438
      437      434      437      435      437      435
      437      438      437      434      437      435
      437      432      438     1308      437      433
      439      433      436     1300      438      436
      438     1298      438     1298      438     1301
      438      436      437     1299      437     1301
      437      433      437     1305      437      434
      437      434      438      434      438      437
      437      434      438      434      438      433
      438      438      438      433      439      432
      440      433      437      437      439      432
      438     1299      437     1298      438     1304
      439      433      438      434      438      433
      439      436      438      434      438      432
      439      434      438      437      439      431
      439     1297      439     1297      440     1302
      439      432      440      432      440      431
      440      437      438      432      440      432
      439      432      440      435      440      432
      441      431      440      431      440      436
      440      430      441      442      430      431
      440      435      439     1298      440      431
      441      431      440      436      440      431
      440      431      440      430      440     1312
      430      431      441      430      440      432
      442      435      441      431      440      431
      442      430      441      437      440      431
      441      430      442      428      445      437
      440      431      441      430      441      431
      441      435      441     1296      440     1296
      441     1295      451     1291      442     1295
      442      429      442     1294      443     1296
      442
