     3447     1739      437      433      429     1310
      436      437      430      441      435      436
      437      451      421      435      464      421
      428      450      422      443      428      432
      439      434      441      431      439     1304
      435      445      426      436      439      432
      438      446      426      449      423      451
      423      447      423     1295      442     1301
      436     1306      435      446      442      415
      439     1303      435      453      423      440
      430      430      442      431      441      448
      427      447      424      445      437      421
      454      422      444      427      450      422
      453      418      447      428      449      422
      440      433      458      412      441      447
      428      450      422      445      440      418
      450      425      444      427      439      432
      454      418      444      442      445      412
      444      431      458      415      452      423
      476      389      444     1293      437     1299
      443      432      442      431      444      433
      440      446      425      426      439     9964
     3452     1730      438      425      446     1298
      436      433      442      454      421      429
      440      431      452      420      437      439
      438      449      419      434      446      426
      446      428      446      425      445     1298
      436      433      440      436      439      432
      447      418      448      430      442      473
      403      428      442     1295      438     1317
      421     1304      450      415      451      420
      454     1288      437      432      456      431
      441      438      420      432      481      392
      446      424      477      434      415      418
      447      432      443      423      445      429
      465      407      440      430      451     1289
      447      429      466      398      466     1279
      443     1289      467     1286      425      435
      465      402      445      433      444     1326
      410      430      439      428      443     1296
      448     1297      438      423      452      426
      445      426      450      422      446      425
      447      433      443      424      444      431
      447      423      446     1298      448      419
      444      431      443     1292      449      424
      448     1290      441     1294      450     1301
      472      387      451     1301      436     1287
      442      432      443     1302      441      419
      455      417      454      424      449      429
      443      427      444      427      463      402
      452      429      445      425      447      425
      446      426      453      421      457      414
      450     1290      447     1289      454     1289
      443      423      451      421      448      424
      447      428      458      413      453      419
      452      419      449      426      452      418
      453     1288      453     1283      448     1297
      441      422      448      424      458      415
      445      429      458      413      464      407
      449      423      467      409      448      423
      468      465      385      425      448      428
      460      411      459      412      460      412
      458      416      454     1287      448      420
      455      417      456      419      467      405
      446      424      447      425      467     1279
      443      423      464      408      447      424
      450      429      446      424      463      408
      448      430      442      429      449      423
      460      411      454      418      447      449
      430      442      429      424      453      418
      458      419      458     1282      445     1292
      443     1293      444     1298      444     1294
      443      423      469     1271      444     1292
      445  1281968

     3448     1743      432      435      433     1322
      415      470      400      442      438      437
      434      449      426      427      441      435
      434      444      433      443      428      432
      439      436      440      431      431     1312
      426      441      431      451      430      437
      431      443      441      440      423      450
      427      483      383     1317      420     1306
      424     1320      428      441      425      442
      432     1308      431      451      421      441
      435      435      437      450      420      442
      435      441      463      413      417      449
      430      443      428      447      422      448
      429      437      435      443      434      435
      430      446      439      430      432      447
      441      431      428      444      445      424
      429      461      410      443      434      446
      422      442      432      497      379      448
      448      423      417      448      431      444
      430      440      429     1309      428     1306
      430      443      435      448      418      452
      423      457      408      459      436     9954
     3437     1743      423      451      427     1307
      426      441      450      422      430      447
      421      483      387      452      428      444
      425      444      431      443      428      449
      422      452      422      449      419     1326
      419      444      424      453      420      450
      424      461      410      488      386      450
      430      439      426     1323      415     1328
      408     1310      430      441      429      452
      420     1312      427      447      428      439
      430      447      424      448      422      453
      425      446      420      449      430      444
      424      451      424      448      426      445
      425      442      429      453      423      449
      420      448      436      434      493     1255
      420     1315      421     1314      424      460
      413      460      414      441      428     1314
      425      489      383      443      429     1312
      426     1311      426      444      428      450
      425      449      423      441      430      453
      419      445      455      416      431      440
      431      438      433     1318      428      449
      422      443      442     1294      430      445
      428     1310      432     1304      427     1308
      431      444      429     1306      431     1308
      430      451      419     1303      438      457
      415      437      434      454      419      447
      428      447      424      443      440      426
      448      427      451      420      440      432
      434      437      435      439      435      453
      417     1308      429     1306      431     1310
      431      437      442      429      436      436
      430      444      436      435      449      424
      450      422      442      449      419      445
      426     1304      448     1287      445     1291
      435      439      435      437      441      447
      419      446      442      423      445      426
      435      437      441      439      435      436
      434      437      436      435      429      447
      435      440      427      442      435      436
      435      450      425     1313      414      440
      434      434      436      438      437      437
      435      433      438      440      430     1308
      440      441      431      435      432      440
      436      437      439      433      434      441
      513      355      441      434      438      470
      400      441      435      435      431      441
      445      437      435      463      404      436
      435      444      435      428      444     1295
      440     1305      432     1332      410     1303
      435      432      436     1321      418     1302
      431   906478

     3443     1738      438      431      437     1335
      405      431      439      440      448      424
      434      433      445      439      432      434
      437      434      433      433      437      432
      444      444      431      432      439     1310
      429      435      442      429      433      439
      450      424      437      431      437      438
      434      444      426     1312      430     1301
      436     1305      429      437      442      430
      440     1303      428      444      438      430
      443      426      439      436      466      410
      432      441      432      440      455      417
      432      443      435      436      462      409
      438      430      453      422      434      444
      439      433      432      434      441      434
      439      434      437      436      431      440
      431      440      454      446      412      435
      434      436      439      433      442      436
      428      449      426      432      447      435
      436      432      437     1299      440     1303
      434      446      424      448      426      437
      437      430      442      432      432     9968
     3447     1732      435      436      435     1307
      431      434      435      439      444      430
      435      435      439      457      413      436
      447      422      440      458      415      442
      427      440      436      439      428     1303
      440      430      435      475      428      413
      438      433      432      442      436      433
      471      403      439     1315      419     1297
      435     1306      442      428      444      426
      443     1301      436      437      434      431
      451      431      432      433      441      435
      434      440      438      437      436      427
      467      414      439      424      460      415
      442      440      431      435      442     1293
      445      430      440      429      442     1299
      438     1305      434     1296      442      427
      441      439      434      432      445     1295
      443      430      438      438      433     1300
      436     1303      440      431      435      433
      449      424      446      425      452      439
      427      432      445      440      454      399
      446      426      450     1302      435      429
      454      418      448     1292      461      412
      455     1283      440     1309      433     1295
      437      434      444     1288      446     1298
      444      428      439     1298      447      425
      458      412      443      431      447      425
      470      405      442      439      437      422
      442      439      445      467      402      421
      451      424      443      431      447      422
      461     1275      450     1291      445     1295
      450      422      445      422      452      420
      451      422      463      414      445      420
      451      429      446      425      449      424
      444     1293      442     1320      418     1298
      446      423      442      437      447      413
      455      445      430      416      455      434
      433      425      449      421      449      429
      458      412      446      423      453      421
      451      420      454      423      455      417
      442      431      448     1300      444      418
      449      415      449      440      441      417
      456      422      473      394      451     1295
      447      420      446      428      445      427
      450      427      504      368      451      415
      456      424      446      434      445      422
      449      421      457      411      470      409
      452      419      448      421      448      428
      446      472      403     1290      447     1289
      447     1289      447     1295      448     1295
      441      420      491     1254      444     1294
      447
